4294967279,336
4294967278,431
4294967279,526
4294967279,367
4294967279,87
4294967279,85
4294967279,84
4294967279,83
4294967294,1466
4294967278,400
4294967279,522
4294967279,182
4294967279,181
4294967279,290
4294967279,178
4294967278,177
4294967278,356
4294967278,173
4294967278,171
4294967278,170
4294967278,311
4294967278,167
4294967279,166
4294967278,164
4294967279,162
4294967278,158
4294967278,364
13993,8
4294967278,310
4294967279,362
4294967279,286
4294967278,338
4294967278,151
13993,7
13993,6
13993,5
4294967279,148
13993,4
13993,3
13993,2
13993,1
4294967278,309
4294967279,563
4294967278,142
4294967278,140
4294967279,271
4294967278,276
4294967279,284
4294967278,273
4294967279,277
4294967278,270
4294967294,384
4294967294,184
4294967294,108
4294967294,469
4294967278,281
4294967278,223
4294967278,285
4294967278,174
4294967279,124
4294967279,115
4294967278,262
4294967279,255
4294967278,261
4294967278,352
4294967279,536
13989,6
13989,5
13989,4
13989,3
13989,2
13989,1
4294967294,1090
4294967279,128
4294967279,298
4294967279,125
4294967278,357
4294967279,116
4294967278,389
4294967278,308
4294967279,219
13986,6
13986,5
13986,4
4294967279,221
13986,3
13986,2
13986,1
4294967278,323
4294967279,251
4294967279,285
4294967279,200
13983,7
4294967279,523
13983,6
13983,5
13983,4
13983,3
13983,2
13983,1
4294967279,282
4294967278,307
4294967279,280
4294967278,184
4294967294,1465
4294967294,1421
13980,4
13980,3
13980,2
13980,1
13979,7
13979,6
13979,5
13979,4
13979,3
13979,2
13979,1
4294967278,305
4294967278,304
4294967294,507
4294967278,139
4294967278,303
4294967278,136
13976,5
13976,4
13976,3
13976,2
13976,1
4294967279,537
4294967294,506
4294967294,163
4294967294,1009
4294967294,1088
13974,6
4294967294,409
4294967294,385
4294967294,400
4294967294,467
4294967294,164
13974,5
13974,4
13974,3
13974,2
13974,1
4294967278,225
4294967279,294
13973,5
13973,4
13973,3
13973,2
13973,1
4294967294,1016
4294967278,322
4294967279,319
4294967279,318
13972,6
13972,5
4294967279,314
13972,4
13972,3
13972,2
13972,1
4294967279,250
4294967278,246
4294967279,248
13971,6
13971,5
4294967279,239
13971,4
13971,3
13971,2
13971,1
4294967278,299
4294967294,505
4294967278,230
4294967279,233
4294967278,373
4294967279,231
13970,8
4294967279,229
4294967278,228
4294967279,223
13970,7
13970,6
13970,5
4294967279,211
13970,4
13970,3
13970,2
13970,1
4294967279,208
13969,5
13969,4
13969,3
13969,2
13969,1
4294967279,297
4294967279,202
4294967294,1419
4294967294,399
4294967294,178
4294967294,420
4294967294,415
4294967294,1172
4294967294,183
4294967294,408
4294967279,326
4294967279,197
4294967278,298
4294967278,297
4294967294,503
13967,4
4294967279,187
13967,3
13967,2
13967,1
4294967279,186
4294967278,424
4294967279,302
4294967279,266
4294967278,296
4294967279,301
4294967279,246
4294967279,269
4294967278,437
4294967279,300
4294967294,1441
4294967279,299
4294967279,242
4294967279,268
4294967294,1463
4294967279,234
13736,4
13727,4
4294967278,362
4294967279,155
4294967278,155
4294967278,154
4294967278,153
4294967279,152
4294967279,151
4294967279,150
4294967278,150
4294967278,149
4294967278,300
4294967278,148
4294967279,147
4294967279,146
4294967278,146
4294967278,145
4294967279,144
4294967278,144
4294967278,391
4294967278,341
4294967278,371
4294967278,312
4294967278,336
4294967278,334
4294967278,333
4294967278,60
4294967278,59
4294967278,58
4294967278,57
4294967278,55
4294967278,325
4294967278,231
4294967278,48
4294967278,46
4294967278,219
4294967278,45
4294967278,348
4294967278,44
4294967278,43
4294967278,42
4294967278,41
4294967278,38
4294967278,36
4294967278,35
4294967278,34
4294967278,33
4294967278,32
4294967278,31
4294967278,30
4294967278,21
4294967278,18
4294967278,16
4294967278,15
4294967278,9
4294967278,8
4294967278,7
4294967278,6
4294967278,5
4294967278,4
4294967279,126
4294967279,226
4294967279,547
4294967279,97
4294967279,96
4294967279,95
4294967279,94
4294967279,93
4294967279,91
4294967279,89
4294967279,75
4294967279,74
4294967279,66
4294967279,64
4294967279,63
4294967279,570
4294967279,59
4294967279,569
4294967279,567
4294967279,220
4294967279,46
4294967279,34
4294967279,28
4294967279,566
4294967279,174
4294967279,29
4294967279,30
4294967294,1462
4294967278,29
4294967278,415
4294967278,294
4294967278,27
4294967279,136
4294967278,24
4294967279,16
13966,8
4294967279,273
4294967278,361
4294967278,11
4294967279,11
4294967279,514
4294967278,264
13966,7
13966,6
13966,5
13966,4
13966,2
13966,1
4294967279,2
4294967279,88
4294967279,214
4294967294,168
4294967294,403
4294967294,113
4294967279,230
4294967278,293
4294967278,326
4294967279,575
4294967278,292
13962,6
13962,5
13962,4
13962,3
13962,2
13962,1
4294967279,574
4294967278,337
4294967279,572
4294967279,193
4294967279,238
13959,6
13959,5
13959,4
13959,3
13959,2
13959,1
4294967278,291
4294967279,289
4294967279,58
13956,7
4294967279,518
4294967278,332
4294967279,49
13956,6
13956,5
13956,4
13956,2
13956,1
4294967278,289
4294967279,43
4294967279,153
4294967279,145
4294967279,143
4294967279,142
13953,4
4294967278,141
13953,3
13953,2
13953,1
4294967278,25
4294967278,277
4294967278,26
4294967278,377
13952,7
4294967279,240
4294967278,22
4294967279,133
4294967279,270
4294967278,288
4294967278,286
4294967279,18
13952,6
13952,5
13952,4
13952,3
13952,2
13952,1
4294967278,13
4294967278,409
4294967279,565
4294967278,267
4294967278,287
4294967278,12
4294967278,10
4294967279,512
4294967279,129
4294967294,175
4294967294,457
4294967279,316
4294967278,284
13949,5
13949,4
13949,3
13949,2
13949,1
4294967278,355
13947,6
13947,5
13947,4
13947,3
13947,2
13947,1
13946,5
13946,4
13946,3
13946,2
13946,1
13945,6
4294967278,283
13945,5
13945,4
13945,3
13945,2
13945,1
13944,6
13944,5
13944,4
4294967279,196
13944,3
13944,2
13944,1
4294967279,192
4294967278,192
13943,8
4294967279,184
4294967279,183
13943,7
13943,6
13943,5
13943,4
13943,3
13943,2
13943,1
4294967279,175
13942,5
13942,4
13942,3
13942,2
13942,1
4294967278,279
4294967278,327
4294967294,189
4294967294,462
4294967294,466
4294967294,397
4294967279,161
4294967278,406
4294967278,379
4294967278,344
4294967278,405
4294967278,412
4294967278,394
4294967278,378
4294967278,387
4294967278,382
4294967278,401
4294967278,56
4294967278,54
4294967278,53
4294967278,52
4294967278,386
4294967278,51
4294967278,50
4294967278,49
4294967278,47
4294967278,263
4294967278,381
4294967278,380
4294967278,14
4294967279,81
4294967279,365
4294967279,304
4294967279,76
4294967279,364
4294967279,54
4294967279,558
4294967279,23
4294967279,17
13940,4
13940,3
13940,2
13940,1
4294967279,154
4294967279,41
4294967279,296
4294967278,385
4294967278,266
4294967278,40
4294967279,40
4294967279,361
4294967278,37
4294967294,1460
4294967279,564
4294967278,408
4294967278,423
4294967278,407
4294967294,504
4294967278,28
4294967294,1459
4294967278,23
4294967294,162
4294967294,173
13939,8
4294967279,380
4294967279,19
13939,7
13939,6
13939,5
13939,4
13939,2
13939,1
4294967278,259
4294967278,330
4294967279,375
4294967279,360
4294967278,221
4294967294,413
4294967294,406
4294967294,191
4294967279,561
4294967279,530
13935,6
13935,5
13935,4
13935,3
13935,2
13935,1
4294967278,383
4294967278,214
4294967279,560
4294967278,200
4294967294,1417
4294967294,998
4294967294,1015
4294967294,176
4294967279,194
13932,6
13932,5
13932,4
4294967279,195
13932,3
13932,2
13932,1
4294967278,447
4294967279,177
13929,7
4294967279,171
13929,6
13929,5
13929,4
13929,2
13929,1
4294967279,159
4294967279,158
4294967278,39
4294967279,149
13926,4
13926,3
13926,2
13926,1
4294967279,330
13925,7
4294967279,32
4294967279,557
4294967278,397
4294967279,140
4294967279,139
13925,6
13925,5
13925,4
13925,3
13925,2
13925,1
4294967279,21
4294967278,20
4294967278,19
4294967278,331
4294967278,17
